[TF.png]
filters=finetune2=1,0.315789,0.095439,0.022456,00000000,0.000000;
moddate=000080850fd7caf8
width=2732
height=1574
textactive=0
